        
01101001101111101100110010114,5   2       5       4       4       2       4       3       2       5       4      Alien
00000010010000000110000010194,6   4       5       5       4       2       4       3       3       5       4       4       4       1       5       4       3       2       1       4       4      Avatar
00111001000111101101000110130,12  5       5       4       1       5       5       5       3       3       3       1       5      Blade Runner
00101000001000000101000010186,10  4       5       4       4       3       4       4       3       4       3       4       2       5       4       3       4       5       5       4      Braveheart
00000010000000000101000010202,9   5       4       3       2       4       4       5       3       4       5       5       3       3       3       3       3       4       3       4       3       3      Dodgeball
00000010000000000000000000226,11  4       5       4       3       3       4       5       5       5       5       5       5       5       3       5       4       5       4       4       5       4       1       4       4      Forest Gump
01001000000000100100100010186,9   5       5       4       4       4       5       5       5       3       4       3       3       5       3       4       3       3       4       4      Gladiator
01001010000100001100000000186,4   5       4       4       2       3       3       1       3       2       3       2       5       5       3       2       4       2       3       5      Jaws
00100011101000000111000100162,6   2       3       5       2       1       2       2       2       1       1       1       1       1       1       1       1      Kazaam
00000100000000000001100000210,17  4       4       3       2       5       2       3       5       2       4       4       3       4       3       4       1       4       5       3       5       3       3      Lord of the Rings
00000000000000000001000000226,17  3       4       1       1       5       1       4       4       4       4       2       3       3       2       1       1       3       1       2       5       4       2       2       3      Napolean Dynamite
00100010000100100101000100178,10  3       4       5       5       3       5       4       4       5       4       5       5       4       3       3       5       2       3      Old School
01100110100110101101111110106,11  1       1       1       1       1       2       3       1       5      Pootie Tang
01101001000100100101000000170,12  4       4       3       4       5       4       5       4       5       5       5       4       3       3       3       4       3      Pulp Fiction
01011000010101100101100110138,8   4       5       4       4       4       4       4       3       3       2       4       3              Scarface
00101101000110101101000110138,20  5       5       5       5       5       5       4       4       4       2       5       5              Shawshank Redemption
00001011100110101001000100154,17  4       1       2       4       3       2       1       3       1       3       2       1       2       2       1      Snakes on a Plane
00000001000000000000000000226,9   4       3       4       4       5       3       4       4       4       5       3       4       3       2       3       3       2       4       3       5       2       3       3       4      Spiderman
00000000000000000100100000218,9   5       5       4       5       5       3       3       5       5       5       5       5       4       3       4       5       5       5       5       5       5       5       5      Star Wars
00000011000100100100001000186,15  4       5       5       4       4       4       4       5       5       5       3       5       4       4       4       5       4       5       5      The Dark Knight
00111011101110100111101010106,13  1       1       2       1       1       1       1       1              The Happening
00000000000000000100000010218,10  3       4       3       5       4       4       4       4       5       4       4       5       4       4       4       5       2       5       5       4       2       5       5      The Matrix
00000000000000000000000000234,9   4       3       3       4       4       5       4       5       5       5       5       5       4       5       3       4       4       4       4       4       5       4       4       5       5      Toy Story
01000010100110100100101010154,7   2       3       1       1       2       4       3       4       3       4       1       4       2       2       2      Village
00100001101100110101000010154,12  1       1       1       1       3       3       2       2       2       1       2       2       1       2       2       You Got Mail
